   0.0000000000000000        0.0000000000000000     
   35.355339059327378        35.257339059327371     
   70.710678118654755        70.416678118654744     
   106.06601717798213        105.47801717798211     
   141.42135623730951        140.44135623730949     
   176.77669529663689        175.30669529663686     
   212.13203435596427        210.07403435596422     
   247.48737341529164        244.74337341529159     
   282.84271247461902        279.31471247461894     
   318.19805153394640        313.78805153394632     
   353.55339059327378        348.16339059327368     
   388.90872965260115        382.44072965260102     
   424.26406871192853        416.62006871192835     
   459.61940777125591        450.70140777125573     
   494.97474683058329        484.68474683058309     
   530.33008588991061        518.57008588991039     
   565.68542494923804        552.35742494923772     
   601.04076400856547        586.04676400856511     
   636.39610306789291        619.63810306789242     
   671.75144212722034        653.13144212721977     
   707.10678118654778        686.52678118654705     
   742.46212024587521        719.82412024587438     
   777.81745930520265        753.02345930520175     
   813.17279836453008        786.12479836452906     
   848.52813742385752        819.12813742385640     
   883.88347648318495        852.03347648318368     
   919.23881554251238        884.84081554251100     
   954.59415460183982        917.55015460183836     
   989.94949366116725        950.16149366116565     
   1025.3048327204947        982.67483272049299     
   1060.6601717798221        1015.0901717798203     
   1096.0155108391496        1047.4075108391476     
   1131.3708498984770        1079.6268498984748     
   1166.7261889578044        1111.7481889578021     
   1202.0815280171319        1143.7715280171294     
   1237.4368670764593        1175.6968670764568     
   1272.7922061357867        1207.5242061357842     
   1308.1475451951142        1239.2535451951114     
   1343.5028842544416        1270.8848842544387     
   1378.8582233137690        1302.4182233137660     
   1414.2135623730965        1333.8535623730934     
   1449.5689014324239        1365.1909014324208     
   1484.9242404917513        1396.4302404917480     
   1520.2795795510788        1427.5715795510753     
   1555.6349186104062        1458.6149186104026     
   1590.9902576697336        1489.5602576697299     
   1626.3455967290611        1520.4075967290573     
   1661.7009357883885        1551.1569357883845     
   1697.0562748477159        1581.8082748477118     
   1732.4116139070434        1612.3616139070391     
   1767.7669529663708        1642.8169529663664     
   1803.1222920256982        1673.1742920256938     
   1838.4776310850257        1703.4336310850210     
   1873.8329701443531        1733.5949701443483     
   1909.1883092036805        1763.6583092036756     
   1944.5436482630080        1793.6236482630029     
   1979.8989873223354        1823.4909873223303     
   2015.2543263816628        1853.2603263816575     
   2050.6096654409903        1882.9316654409847     
   2085.9650045003177        1912.5050045003120     
   2121.3203435596452        1941.9803435596393     
   2156.6756826189726        1971.3576826189667     
   2192.0310216783000        2000.6370216782939     
   2227.3863607376275        2029.8183607376211     
   2262.7416997969549        2058.9016997969484     
   2298.0970388562823        2087.8870388562755     
   2333.4523779156098        2116.7743779156026     
   2368.8077169749372        2145.5637169749298     
   2404.1630560342646        2174.2550560342570     
   2439.5183950935921        2202.8483950935843     
   2474.8737341529195        2231.3437341529116     
   2510.2290732122469        2259.7410732122389     
   2545.5844122715744        2288.0404122715663     
   2580.9397513309018        2316.2417513308937     
   2616.2950903902292        2344.3450903902208     
   2651.6504294495567        2372.3504294495478     
   2687.0057685088841        2400.2577685088750     
   2722.3611075682115        2428.0671075682021     
   2757.7164466275390        2455.7784466275293     
   2793.0717856868664        2483.3917856868566     
   2828.4271247461938        2510.9071247461839     
   2863.7824638055213        2538.3244638055112     
   2899.1378028648487        2565.6438028648386     
   2934.4931419241761        2592.8651419241660     
   2969.8484809835036        2619.9884809834930     
   3005.2038200428310        2647.0138200428200     
   3040.5591591021584        2673.9411591021471     
   3075.9144981614859        2700.7704981614743     
   3111.2698372208133        2727.5018372208015     
   3146.6251762801407        2754.1351762801287     
   3181.9805153394682        2780.6705153394560     
   3217.3358543987956        2807.1078543987833     
   3252.6911934581231        2833.4471934581106     
   3288.0465325174505        2859.6885325174380     
   3323.4018715767779        2885.8318715767650     
   3358.7572106361054        2911.8772106360921     
   3394.1125496954328        2937.8245496954191     
   3429.4678887547602        2963.6738887547463     
   3464.8232278140877        2989.4252278140734     
   3500.1785668734151        3015.0785668734006     
   3535.5339059327425        3040.6339059327279     
   3570.8892449920700        3066.0912449920552     
   3606.2445840513974        3091.4505840513825     
   3641.5999231107248        3116.7119231107099     
   3676.9552621700523        3141.8752621700369     
   3712.3106012293797        3166.9406012293639     
   3747.6659402887071        3191.9079402886910     
   3783.0212793480346        3216.7772793480181     
   3818.3766184073620        3241.5486184073452     
   3853.7319574666894        3266.2219574666724     
   3889.0872965260169        3290.7972965259996     
   3924.4426355853443        3315.2746355853269     
   3959.7979746446717        3339.6539746446542     
   3995.1533137039992        3363.9353137039816     
   4030.5086527633266        3388.1186527633090     
   4065.8639918226540        3412.2039918226360     
   4101.2193308819815        3436.1913308819630     
   4136.5746699413085        3460.0806699412901     
   4171.9300090006354        3483.8720090006173     
   4207.2853480599624        3507.5653480599444     
   4242.6406871192894        3531.1606871192716     
   4277.9960261786164        3554.6580261785989     
   4313.3513652379434        3578.0573652379262     
   4348.7067042972703        3601.3587042972536     
   4384.0620433565973        3624.5620433565809     
   4419.4173824159243        3647.6673824159084     
   4454.7727214752513        3670.6747214752354     
   4490.1280605345783        3693.5840605345625     
   4525.4833995939052        3716.3953995938896     
   4560.8387386532322        3739.1087386532167     
   4596.1940777125592        3761.7240777125439     
   4631.5494167718862        3784.2414167718712     
   4666.9047558312132        3806.6607558311985     
   4702.2600948905401        3828.9820948905258     
   4737.6154339498671        3851.2054339498532     
   4772.9707730091941        3873.3307730091806     
   4808.3261120685211        3895.3581120685076     
   4843.6814511278480        3917.2874511278346     
   4879.0367901871750        3939.1187901871617     
   4914.3921292465020        3960.8521292464889     
   4949.7474683058290        3982.4874683058160     
   4985.1028073651560        4004.0248073651433     
   5020.4581464244829        4025.4641464244705     
   5055.8134854838099        4046.8054854837978     
   5091.1688245431369        4068.0488245431252     
   5126.5241636024639        4089.1941636024526     
   5161.8795026617909        4110.2415026617800     
   5197.2348417211178        4131.1908417211071     
   5232.5901807804448        4152.0421807804341     
   5267.9455198397718        4172.7955198397613     
   5303.3008588990988        4193.4508588990884     
   5338.6561979584258        4214.0081979584156     
   5374.0115370177527        4234.4675370177429     
   5409.3668760770797        4254.8288760770702     
   5444.7222151364067        4275.0922151363975     
   5480.0775541957337        4295.2575541957249     
   5515.4328932550607        4315.3248932550523     
   5550.7882323143876        4335.2942323143798     
   5586.1435713737146        4355.1655713737073     
   5621.4989104330416        4374.9389104330348     
   5656.8542494923686        4394.6142494923624     
   5692.2095885516956        4414.1915885516901     
   5727.5649276110225        4433.6709276110178     
   5762.9202666703495        4453.0522666703446     
   5798.2756057296765        4472.3356057296714     
   5833.6309447890035        4491.5209447889983     
   5868.9862838483305        4510.6082838483253     
   5904.3416229076574        4529.5976229076523     
   5939.6969619669844        4548.4889619669793     
   5975.0523010263114        4567.2823010263064     
   6010.4076400856384        4585.9776400856335     
   6045.7629791449654        4604.5749791449607     
   6081.1183182042923        4623.0743182042879     
   6116.4736572636193        4641.4756572636152     
   6151.8289963229463        4659.7789963229425     
   6187.1843353822733        4677.9843353822698     
   6222.5396744416003        4696.0916744415972     
   6257.8950135009272        4714.1010135009246     
   6293.2503525602542        4732.0123525602521     
   6328.6056916195812        4749.8256916195796     
   6363.9610306789082        4767.5410306789072     
   6399.3163697382352        4785.1583697382348     
   6434.6717087975621        4802.6777087975624     
   6470.0270478568891        4820.0990478568901     
   6505.3823869162161        4837.4223869162170     
   6540.7377259755431        4854.6477259755438     
   6576.0930650348701        4871.7750650348707     
   6611.4484040941970        4888.8044040941977     
   6646.8037431535240        4905.7357431535247     
   6682.1590822128510        4922.5690822128518     
   6717.5144212721780        4939.3044212721788     
   6752.8697603315049        4955.9417603315060     
   6788.2250993908319        4972.4810993908332     
   6823.5804384501589        4988.9224384501604     
   6858.9357775094859        5005.2657775094876     
   6894.2911165688129        5021.5111165688149     
   6929.6464556281398        5037.6584556281423     
   6965.0017946874668        5053.7077946874697     
   7000.3571337467938        5069.6591337467971     
   7035.7124728061208        5085.5124728061246     
   7071.0678118654478        5101.2678118654521     
   7106.4231509247747        5116.9251509247797     
   7141.7784899841017        5132.4844899841073     
   7177.1338290434287        5147.9458290434350     
   7212.4891681027557        5163.3091681027627     
   7247.8445071620827        5178.5745071620904     
   7283.1998462214096        5193.7418462214173     
   7318.5551852807366        5208.8111852807442     
   7353.9105243400636        5223.7825243400712     
   7389.2658633993906        5238.6558633993982     
   7424.6212024587176        5253.4312024587252     
   7459.9765415180445        5268.1085415180523     
   7495.3318805773715        5282.6878805773795     
   7530.6872196366985        5297.1692196367067     
   7566.0425586960255        5311.5525586960339     
   7601.3978977553525        5325.8378977553612     
   7636.7532368146794        5340.0252368146885     
   7672.1085758740064        5354.1145758740158     
   7707.4639149333334        5368.1059149333432     
   7742.8192539926604        5381.9992539926707     
   7778.1745930519874        5395.7945930519982     
   7813.5299321113143        5409.4919321113257     
   7848.8852711706413        5423.0912711706533     
   7884.2406102299683        5436.5926102299809     
   7919.5959492892953        5449.9959492893086     
   7954.9512883486223        5463.3012883486363     
   7990.3066274079492        5476.5086274079640     
   8025.6619664672762        5489.6179664672909     
   8061.0173055266032        5502.6293055266178     
   8096.3726445859302        5515.5426445859448     
   8131.7279836452572        5528.3579836452718     
   8167.0833227045841        5541.0753227045989     
   8202.4386617639120        5553.6946617639260     
   8237.7940008232399        5566.2160008232531     
   8273.1493398825678        5578.6393398825803     
   8308.5046789418957        5590.9646789419076     
   8343.8600180012236        5603.1920180012348     
   8379.2153570605515        5615.3213570605621     
   8414.5706961198794        5627.3526961198895     
   8449.9260351792072        5639.2860351792169     
   8485.2813742385351        5651.1213742385444     
   8520.6367132978630        5662.8587132978719     
   8555.9920523571909        5674.4980523571994     
   8591.3473914165188        5686.0393914165270     
   8626.7027304758467        5697.4827304758546     
   8662.0580695351746        5708.8280695351823     
   8697.4134085945025        5720.0754085945100     
   8732.7687476538304        5731.2247476538378     
   8768.1240867131582        5742.2760867131647     
   8803.4794257724861        5753.2294257724916     
   8838.8347648318140        5764.0847648318186     
   8874.1901038911419        5774.8421038911456     
   8909.5454429504698        5785.5014429504727     
   8944.9007820097977        5796.0627820097998     
   8980.2561210691256        5806.5261210691269     
   9015.6114601284535        5816.8914601284541     
   9050.9667991877814        5827.1587991877814     
   9086.3221382471093        5837.3281382471087     
   9121.6774773064371        5847.3994773064360     
   9157.0328163657650        5857.3728163657634     
   9192.3881554250929        5867.2481554250908     
   9227.7434944844208        5877.0254944844182     
   9263.0988335437487        5886.7048335437457     
   9298.4541726030766        5896.2861726030733     
   9333.8095116624045        5905.7695116624009     
   9369.1648507217324        5915.1548507217285     
   9404.5201897810603        5924.4421897810562     
   9439.8755288403881        5933.6315288403839     
   9475.2308678997160        5942.7228678997108     
   9510.5862069590439        5951.7162069590377     
   9545.9415460183718        5960.6115460183646     
   9581.2968850776997        5969.4088850776916     
   9616.6522241370276        5978.1082241370186     
   9652.0075631963555        5986.7095631963457     
   9687.3629022556834        5995.2129022556728     
   9722.7182413150113        6003.6182413150000     
   9758.0735803743391        6011.9255803743272     
   9793.4289194336670        6020.1349194336544     
   9828.7842584929949        6028.2462584929817     
   9864.1395975523228        6036.2595975523091     
   9899.4949366116507        6044.1749366116364     
   9934.8502756709786        6051.9922756709639     
   9970.2056147303065        6059.7116147302913     
   10005.560953789634        6067.3329537896188     
   10040.916292848962        6074.8562928489464     
   10076.271631908290        6082.2816319082740     
   10111.626970967618        6089.6089709676016     
   10146.982310026946        6096.8383100269293     
   10182.337649086274        6103.9696490862570     
   10217.692988145602        6111.0029881455839     
   10253.048327204930        6117.9383272049108     
   10288.403666264257        6124.7756662642378     
   10323.759005323585        6131.5150053235648     
   10359.114344382913        6138.1563443828918     
   10394.469683442241        6144.6996834422189     
   10429.825022501569        6151.1450225015460     
   10465.180361560897        6157.4923615608732     
   10500.535700620225        6163.7417006202004     
   10535.891039679553        6169.8930396795276     
   10571.246378738881        6175.9463787388549     
   10606.601717798208        6181.9017177981823     
   10641.957056857536        6187.7590568575097     
   10677.312395916864        6193.5183959168371     
   10712.667734976192        6199.1797349761646     
   10748.023074035520        6204.7430740354921     
   10783.378413094848        6210.2084130948197     
   10818.733752154176        6215.5757521541473     
   10854.089091213504        6220.8450912134749     
   10889.444430272832        6226.0164302728026     
   10924.799769332159        6231.0897693321303     
   10960.155108391487        6236.0651083914572     
   10995.510447450815        6240.9424474507841     
   11030.865786510143        6245.7217865101111     
   11066.221125569471        6250.4031255694381     
   11101.576464628799        6254.9864646287651     
   11136.931803688127        6259.4718036880922     
   11172.287142747455        6263.8591427474194     
   11207.642481806783        6268.1484818067465     
   11242.997820866110        6272.3398208660738     
   11278.353159925438        6276.4331599254010     
   11313.708498984766        6280.4284989847283     
   11349.063838044094        6284.3258380440557     
   11384.419177103422        6288.1251771033831     
   11419.774516162750        6291.8265161627105     
   11455.129855222078        6295.4298552220380     
   11490.485194281406        6298.9351942813655     
   11525.840533340734        6302.3425333406931     
   11561.195872400061        6305.6518724000207     
   11596.551211459389        6308.8632114593483     
   11631.906550518717        6311.9765505186760     
   11667.261889578045        6314.9918895780038     
   11702.617228637373        6317.9092286373307     
   11737.972567696701        6320.7285676966576     
   11773.327906756029        6323.4499067559846     
   11808.683245815357        6326.0732458153116     
   11844.038584874685        6328.5985848746386     
   11879.393923934012        6331.0259239339657     
   11914.749262993340        6333.3552629932929     
   11950.104602052668        6335.5866020526200     
   11985.459941111996        6337.7199411119473     
   12020.815280171324        6339.7552801712745     
   12056.170619230652        6341.6926192306018     
   12091.525958289980        6343.5319582899292     
   12126.881297349308        6345.2732973492566     
   12162.236636408636        6346.9166364085841     
   12197.591975467963        6348.4619754679115     
   12232.947314527291        6349.9093145272391     
   12268.302653586619        6351.2586535865667     
   12303.657992645947        6352.5099926458943     
   12339.013331705275        6353.6633317052219     
   12374.368670764603        6354.7186707645496     
   12409.724009823931        6355.6760098238774     
   12445.079348883259        6356.5353488832043     
   12480.434687942587        6357.2966879425312     
   12515.790027001914        6357.9600270018582     
   12551.145366061242        6358.5253660611852     
   12586.500705120570        6358.9927051205123     
   12621.856044179898        6359.3620441798394     
   12657.211383239226        6359.6333832391665     
   12692.566722298554        6359.8067222984937     
   12727.922061357882        6359.8820613578209     
   12763.277400417210        6359.8594004171482     
   12798.632739476538        6359.7387394764755     
   12833.988078535865        6359.5200785358029     
   12869.343417595193        6359.2034175951303     
   12904.698756654521        6358.7887566544578     
   12940.054095713849        6358.2760957137853     
   12975.409434773177        6357.6654347731128     
   13010.764773832505        6356.9567738324404     
   13046.120112891833        6356.1501128917680     
   13081.475451951161        6355.2454519510957     
   13116.830791010489        6354.2427910104234     
   13152.186130069816        6353.1421300697511     
   13187.541469129144        6351.9434691290780     
   13222.896808188472        6350.6468081884050     
   13258.252147247800        6349.2521472477320     
   13293.607486307128        6347.7594863070590     
   13328.962825366456        6346.1688253663860     
   13364.318164425784        6344.4801644257132     
   13399.673503485112        6342.6935034850403     
   13435.028842544440        6340.8088425443675     
   13470.384181603768        6338.8261816036947     
   13505.739520663095        6336.7455206630220     
   13541.094859722423        6334.5668597223494     
   13576.450198781751        6332.2901987816767     
   13611.805537841079        6329.9155378410042     
   13647.160876900407        6327.4428769003316     
   13682.516215959735        6324.8722159596591     
   13717.871555019063        6322.2035550189867     
   13753.226894078391        6319.4368940783143     
   13788.582233137719        6316.5722331376419     
   13823.937572197046        6313.6095721969696     
   13859.292911256374        6310.5489112562973     
   13894.648250315702        6307.3902503156241     
   13930.003589375030        6304.1335893749510     
   13965.358928434358        6300.7789284342780     
   14000.714267493686        6297.3262674936050     
   14036.069606553014        6293.7756065529320     
   14071.424945612342        6290.1269456122591     
   14106.780284671670        6286.3802846715862     
   14142.135623730997        6282.5356237309134     
   14177.490962790325        6278.5929627902406     
   14212.846301849653        6274.5523018495678     
   14248.201640908981        6270.4136409088951     
   14283.556979968309        6266.1769799682224     
   14318.912319027637        6261.8423190275498     
   14354.267658086965        6257.4096580868772     
   14389.622997146293        6252.8789971462047     
   14424.978336205621        6248.2503362055322     
   14460.333675264948        6243.5236752648598     
   14495.689014324276        6238.6990143241874     
   14531.044353383604        6233.7763533835150     
   14566.399692442932        6228.7556924428427     
   14601.755031502260        6223.6370315021704     
   14637.110370561588        6218.4203705614973     
   14672.465709620916        6213.1057096208242     
   14707.821048680244        6207.6930486801512     
   14743.176387739572        6202.1823877394781     
   14778.531726798899        6196.5737267988052     
   14813.887065858227        6190.8670658581323     
   14849.242404917555        6185.0624049174594     
   14884.597743976883        6179.1597439767866     
   14919.953083036211        6173.1590830361138     
   14955.308422095539        6167.0604220954410     
   14990.663761154867        6160.8637611547683     
   15026.019100214195        6154.5691002140957     
   15061.374439273523        6148.1764392734231     
   15096.729778332850        6141.6857783327505     
   15132.085117392178        6135.0971173920780     
   15167.440456451506        6128.4104564514055     
   15202.795795510834        6121.6257955107330     
   15238.151134570162        6114.7431345700606     
   15273.506473629490        6107.7624736293883     
   15308.861812688818        6100.6838126887160     
   15344.217151748146        6093.5071517480437     
   15379.572490807474        6086.2324908073706     
   15414.927829866801        6078.8598298666975     
   15450.283168926129        6071.3891689260245     
   15485.638507985457        6063.8205079853515     
   15520.993847044785        6056.1538470446785     
   15556.349186104113        6048.3891861040056     
   15591.704525163441        6040.5265251633327     
   15627.059864222769        6032.5658642226599     
   15662.415203282097        6024.5072032819871     
   15697.770542341425        6016.3505423413144     
   15733.125881400752        6008.0958814006417     
   15768.481220460080        5999.7432204599691     
   15803.836559519408        5991.2925595192964     
   15839.191898578736        5982.7438985786239     
   15874.547237638064        5974.0972376379514     
   15909.902576697392        5965.3525766972789     
   15945.257915756720        5956.5099157566065     
   15980.613254816048        5947.5692548159341     
   16015.968593875376        5938.5305938752617     
   16051.323932934703        5929.3939329345894     
   16086.679271994031        5920.1592719939172     
   16122.034611053359        5910.8266110532441     
   16157.389950112687        5901.3959501125710     
   16192.745289172015        5891.8672891718979     
   16228.100628231343        5882.2406282312249     
   16263.455967290671        5872.5159672905520     
   16298.811306349999        5862.6933063498791     
   16334.166645409327        5852.7726454092062     
   16369.521984468654        5842.7539844685334     
   16404.877323527980        5832.6373235278606     
   16440.232662587307        5822.4226625871879     
   16475.588001646633        5812.1100016465152     
   16510.943340705959        5801.6993407058426     
   16546.298679765285        5791.1906797651700     
   16581.654018824611        5780.5840188244974     
   16617.009357883937        5769.8793578838249     
   16652.364696943263        5759.0766969431525     
   16687.720036002589        5748.1760360024800     
   16723.075375061915        5737.1773750618077     
   16758.430714121241        5726.0807141211353     
   16793.786053180567        5714.8860531804630     
   16829.141392239893        5703.5933922397908     
   16864.496731299219        5692.2027312991177     
   16899.852070358545        5680.7140703584446     
   16935.207409417872        5669.1274094177716     
   16970.562748477198        5657.4427484770986     
   17005.918087536524        5645.6600875364256     
   17041.273426595850        5633.7794265957527     
   17076.628765655176        5621.8007656550799     
   17111.984104714502        5609.7241047144071     
   17147.339443773828        5597.5494437737343     
   17182.694782833154        5585.2767828330616     
   17218.050121892480        5572.9061218923889     
   17253.405460951806        5560.4374609517163     
   17288.760800011132        5547.8708000110437     
   17324.116139070458        5535.2061390703711     
   17359.471478129784        5522.4434781296986     
   17394.826817189110        5509.5828171890262     
   17430.182156248437        5496.6241562483538     
   17465.537495307763        5483.5674953076814     
   17500.892834367089        5470.4128343670091     
   17536.248173426415        5457.1601734263368     
   17571.603512485741        5443.8095124856636     
   17606.958851545067        5430.3608515449905     
   17642.314190604393        5416.8141906043174     
   17677.669529663719        5403.1695296636444     
   17713.024868723045        5389.4268687229714     
   17748.380207782371        5375.5862077822985     
   17783.735546841697        5361.6475468416256     
   17819.090885901023        5347.6108859009528     
   17854.446224960349        5333.4762249602800     
   17889.801564019675        5319.2435640196072     
   17925.156903079001        5304.9129030789345     
   17960.512242138328        5290.4842421382618     
   17995.867581197654        5275.9575811975892     
   18031.222920256980        5261.3329202569166     
   18066.578259316306        5246.6102593162441     
   18101.933598375632        5231.7895983755716     
   18137.288937434958        5216.8709374348991     
   18172.644276494284        5201.8542764942267     
   18207.999615553610        5186.7396155535544     
   18243.354954612936        5171.5269546128820     
   18278.710293672262        5156.2162936722098     
   18314.065632731588        5140.8076327315375     
   18349.420971790914        5125.3009717908644     
   18384.776310850240        5109.6963108501914     
   18420.131649909566        5093.9936499095184     
   18455.486988968893        5078.1929889688454     
   18490.842328028219        5062.2943280281725     
   18526.197667087545        5046.2976670874996     
   18561.553006146871        5030.2030061468267     
   18596.908345206197        5014.0103452061539     
   18632.263684265523        4997.7196842654812     
   18667.619023324849        4981.3310233248085     
   18702.974362384175        4964.8443623841358     
   18738.329701443501        4948.2597014434632     
   18773.685040502827        4931.5770405027906     
   18809.040379562153        4914.7963795621181     
   18844.395718621479        4897.9177186214456     
   18879.751057680805        4880.9410576807732     
   18915.106396740131        4863.8663967401008     
   18950.461735799458        4846.6937357994284     
   18985.817074858784        4829.4230748587561     
   19021.172413918110        4812.0544139180838     
   19056.527752977436        4794.5877529774116     
   19091.883092036762        4777.0230920367385     
   19127.238431096088        4759.3604310960654     
   19162.593770155414        4741.5997701553924     
   19197.949109214740        4723.7411092147195     
   19233.304448274066        4705.7844482740466     
   19268.659787333392        4687.7297873333737     
   19304.015126392718        4669.5771263927008     
   19339.370465452044        4651.3264654520281     
   19374.725804511370        4632.9778045113553     
   19410.081143570696        4614.5311435706826     
   19445.436482630023        4595.9864826300100     
   19480.791821689349        4577.3438216893373     
   19516.147160748675        4558.6031607486648     
   19551.502499808001        4539.7644998079923     
   19586.857838867327        4520.8278388673198     
   19622.213177926653        4501.7931779266473     
   19657.568516985979        4482.6605169859749     
   19692.923856045305        4463.4298560453026     
   19728.279195104631        4444.1011951046303     
   19763.634534163957        4424.6745341639580     
   19798.989873223283        4405.1498732232858     
   19834.345212282609        4385.5272122826127     
   19869.700551341935        4365.8065513419397     
   19905.055890401261        4345.9878904012667     
   19940.411229460587        4326.0712294605937     
   19975.766568519914        4306.0565685199208     
   20011.121907579240        4285.9439075792479     
   20046.477246638566        4265.7332466385751     
   20081.832585697892        4245.4245856979023     
   20117.187924757218        4225.0179247572296     
   20152.543263816544        4204.5132638165569     
   20187.898602875870        4183.9106028758843     
   20223.253941935196        4163.2099419352116     
   20258.609280994522        4142.4112809945391     
   20293.964620053848        4121.5146200538666     
   20329.319959113174        4100.5199591131941     
   20364.675298172500        4079.4272981725217     
   20400.030637231826        4058.2366372318488     
   20435.385976291152        4036.9479762911760     
   20470.741315350479        4015.5613153505033     
   20506.096654409805        3994.0766544098306     
   20541.451993469131        3972.4939934691579     
   20576.807332528457        3950.8133325284853     
   20612.162671587783        3929.0346715878127     
   20647.518010647109        3907.1580106471401     
   20682.873349706435        3885.1833497064677     
   20718.228688765761        3863.1106887657952     
   20753.584027825087        3840.9400278251228     
   20788.939366884413        3818.6713668844500     
   20824.294705943739        3796.3047059437772     
   20859.650045003065        3773.8400450031045     
   20895.005384062391        3751.2773840624318     
   20930.360723121717        3728.6167231217592     
   20965.716062181044        3705.8580621810866     
   21001.071401240370        3683.0014012404140     
   21036.426740299696        3660.0467402997415     
   21071.782079359022        3636.9940793590690     
   21107.137418418348        3613.8434184183966     
   21142.492757477674        3590.5947574777242     
   21177.848096537000        3567.2480965370514     
   21213.203435596326        3543.8034355963787     
   21248.558774655652        3520.2607746557060     
   21283.914113714978        3496.6201137150333     
   21319.269452774304        3472.8814527743607     
   21354.624791833630        3449.0447918336881     
   21389.980130892956        3425.1101308930156     
   21425.335469952282        3401.0774699523431     
   21460.690809011609        3376.9468090116707     
   21496.046148070935        3352.7181480709983     
   21531.401487130261        3328.3914871303255     
   21566.756826189587        3303.9668261896527     
   21602.112165248913        3279.4441652489800     
   21637.467504308239        3254.8235043083073     
   21672.822843367565        3230.1048433676347     
   21708.178182426891        3205.2881824269621     
   21743.533521486217        3180.3735214862895     
   21778.888860545543        3155.3608605456170     
   21814.244199604869        3130.2501996049446     
   21849.599538664195        3105.0415386642721     
   21884.954877723521        3079.7348777235998     
   21920.310216782847        3054.3302167829270     
   21955.665555842173        3028.8275558422542     
   21991.020894901500        3003.2268949015815     
   22026.376233960826        2977.5282339609089     
   22061.731573020152        2951.7315730202363     
   22097.086912079478        2925.8369120795637     
   22132.442251138804        2899.8442511388912     
   22167.797590198130        2873.7535901982187     
   22203.152929257456        2847.5649292575463     
   22238.508268316782        2821.2782683168739     
   22273.863607376108        2794.8936073762011     
   22309.218946435434        2768.4109464355283     
   22344.574285494760        2741.8302854948556     
   22379.929624554086        2715.1516245541829     
   22415.284963613412        2688.3749636135103     
   22450.640302672738        2661.5003026728377     
   22485.995641732065        2634.5276417321652     
   22521.350980791391        2607.4569807914927     
   22556.706319850717        2580.2883198508202     
   22592.061658910043        2553.0216589101478     
   22627.416997969369        2525.6569979694750     
   22662.772337028695        2498.1943370288022     
   22698.127676088021        2470.6336760881295     
   22733.483015147347        2442.9750151474568     
   22768.838354206673        2415.2183542067842     
   22804.193693265999        2387.3636932661116     
   22839.549032325325        2359.4110323254390     
   22874.904371384651        2331.3603713847665     
   22910.259710443977        2303.2117104440940     
   22945.615049503303        2274.9650495034216     
   22980.970388562630        2246.6203885627488     
   23016.325727621956        2218.1777276220760     
   23051.681066681282        2189.6370666814032     
   23087.036405740608        2160.9984057407305     
   23122.391744799934        2132.2617448000578     
   23157.747083859260        2103.4270838593852     
   23193.102422918586        2074.4944229187126     
   23228.457761977912        2045.4637619780401     
   23263.813101037238        2016.3351010373674     
   23299.168440096564        1987.1084400966947     
   23334.523779155890        1957.7837791560221     
   23369.879118215216        1928.3611182153495     
   23405.234457274542        1898.8404572746770     
   23440.589796333868        1869.2217963340042     
   23475.945135393195        1839.5051353933316     
   23511.300474452521        1809.6904744526589     
   23546.655813511847        1779.7778135119863     
   23582.011152571173        1749.7671525713138     
   23617.366491630499        1719.6584916306410     
   23652.721830689825        1689.4518306899683     
   23688.077169749151        1659.1471697492957     
   23723.432508808477        1628.7445088086231     
   23758.787847867803        1598.2438478679505     
   23794.143186927129        1567.6451869272778     
   23829.498525986455        1536.9485259866051     
   23864.853865045781        1506.1538650459324     
   23900.209204105107        1475.2612041052598     
   23935.564543164433        1444.2705431645873     
   23970.919882223759        1413.1818822239145     
   24006.275221283086        1381.9952212832418     
   24041.630560342412        1350.7105603425691     
   24076.985899401738        1319.3278994018965     
   24112.341238461064        1287.8472384612239     
   24147.696577520390        1256.2685775205512     
   24183.051916579716        1224.5919165798784     
   24218.407255639042        1192.8172556392058     
   24253.762594698368        1160.9445946985331     
   24289.117933757694        1128.9739337578606     
   24324.473272817020        1096.9052728171878     
   24359.828611876346        1064.7386118765151     
   24395.183950935672        1032.4739509358424     
   24430.539289994998        1000.1112899951696     
   24465.894629054324        967.65062905449690     
   24501.249968113651        935.09196811382424     
   24536.605307172977        902.43530717315150     
   24571.960646232303        869.68064623247881     
   24607.315985291629        836.82798529180604     
   24642.671324350955        803.87732435113332     
   24678.026663410281        770.82866341046065     
   24713.382002469607        737.68200246978790     
   24748.737341528933        704.43734152911520     
   24784.092680588259        671.09468058844243     
   24819.448019647585        637.65401964776970     
   24854.803358706911        604.11535870709702     
   24890.158697766237        570.47869776642426     
   24925.514036825563        536.74403682575155     
   24960.869375884889        502.91137588507883     
   24996.224714944216        468.98071494440609     
   25031.580054003542        434.95205400373334     
   25066.935393062868        400.82539306306057     
   25102.290732122194        366.60073212238785     
   25137.646071181520        332.27807118171512     
   25173.001410240846        297.85741024104237     
   25208.356749300172        263.33874930036961     
   25243.712088359498        228.72208835969687     
   25279.067427418824        194.00742741902411     
   25314.422766478150        159.19476647835137     
   25349.778105537476        124.28410553767861     
   25385.133444596802        89.275444597005858     
   25420.488783656128        54.168783656333105     
   25455.844122715454        18.964122715660345     
